1000 23
1000 11
1000 11
5000 29
18 4
5000 14
18 4

//random
1000 23
1000 11
1000 11
5000 28
5000 14
5000 14
10000 33
10000 15
10000 15
15000 34
15000 16
15000 15
20000 35
20000 16
20000 16
25000 36
25000 17
25000 16
30000 36
30000 17
30000 17
35000 36
35000 17
35000 17
40000 37
40000 18
40000 17
45000 37
45000 18
45000 18
50000 38
50000 18
50000 18
55000 38
55000 19
55000 18
60000 38
60000 19
60000 18
65000 38
65000 19
65000 18
70000 38
70000 19
70000 18

//sorted
1000 999
1000 16
1000 9

5000 21
5000 12
10000 23
10000 13
15000 24
15000 13
20000 25
20000 14
25000 26
25000 14
30000 26
30000 14
35000 27
35000 15
40000 27
40000 15
45000 27
45000 15
50000 28
50000 15
55000 28
55000 15
60000 28
60000 15
65000 28
65000 15
70000 29
70000 16
0 999
1000 16
1000 9
1 1000
1 16
1 9
1000 16
1000 9
1 16
1 9
1000 16
1000 9
1 16
1000 16
1000 9
1 0
1 16
1 9
5000 21
5000 12
1 21
1 12
0 999
1000 16
1000 9
1 16
1 9
5000 21
5000 12
1 21
1 21
5000 21
5000 12
1 21
1 12
10000 23
10000 13
1 23
1 13
0 999
0 999
10000 23
10000 13
10000 23
10000 23
10000 23
10000 23
100 10
100 10
100 10
100 10
100 10
100 10
0 999
100 10
100 10
100 10

----------RESULT--------------
100
----------RESULT--------------
99
----------RESULT--------------
98
----------RESULT--------------
971000 9

----------RESULT--------------
1000
----------RESULT--------------
999
----------RESULT--------------
9961000 9

----------RESULT AVL--------------
1000
----------RESULT AVL--------------
999
----------RESULT AVL--------------
9981000 16
1000 9
1 16
1 9
1 0
5000 21
5000 12
1 21
1 12
50000 18
50000 18
50000 18
50000 18

----------RESULT--------------
150000 18
50000 18
50000 18

----------RESULT AVL--------------
150000 18

----------RESULT AVL--------------
1
NEW------N50000 18

----------RESULT AVL--------------
150000 28

NEW------N50000 15

----------RESULT AVL--------------
150000 28

----------RESULT--------------
150000 28

NEW------N50000 15
